Results:
Average Recall @N:
[84.31911967 86.3823934  86.93259972 87.62035763 88.17056396 88.30811554
 88.44566713 88.72077029 88.85832187 88.99587345 89.54607978 89.68363136
 89.82118294 89.95873453 89.95873453 89.95873453 89.95873453 90.37138927
 90.64649243 90.64649243 90.78404402 90.78404402 90.9215956  91.05914718
 91.19669876]

Average Similarity:
1608.2188

Average Top 1% Recall:
91.19669876203577

Results:
Average Recall @N:
[86.79504814 87.48280605 88.44566713 88.99587345 89.54607978 90.23383769
 90.50894085 90.78404402 91.05914718 91.60935351 92.29711142 92.84731774
 93.25997249 93.9477304  94.36038514 94.91059147 95.04814305 95.4607978
 95.87345254 95.87345254 96.01100413 96.28610729 96.42365887 96.56121045
 96.9738652 ]

Average Similarity:
3509.1792

Average Top 1% Recall:
96.97386519944979

Results:
Average Recall @N:
[91.88445667 94.08528198 95.04814305 95.32324622 95.59834938 96.01100413
 96.42365887 96.42365887 96.42365887 96.69876204 96.9738652  97.11141678
 97.24896836 97.38651994 97.66162311 97.66162311 97.66162311 97.79917469
 97.93672627 98.07427785 98.07427785 98.21182944 98.21182944 98.4869326
 98.62448418]

Average Similarity:
2681.3496

Average Top 1% Recall:
98.62448418156808

Results:
Average Recall @N:
[91.60935351 94.49793673 95.18569464 95.87345254 96.42365887 96.83631362
 97.11141678 97.52407153 97.66162311 97.66162311 97.93672627 97.93672627
 97.93672627 98.07427785 98.07427785 98.07427785 98.21182944 98.21182944
 98.21182944 98.4869326  98.4869326  98.62448418 98.62448418 98.62448418
 98.62448418]

Average Similarity:
1813.1796

Average Top 1% Recall:
98.62448418156808

Results:
Average Recall @N:
[94.49793673 95.04814305 95.73590096 95.87345254 96.14855571 96.28610729
 96.56121045 96.83631362 97.24896836 97.38651994 97.52407153 97.52407153
 97.52407153 97.79917469 97.93672627 98.34938102 98.62448418 98.62448418
 98.76203576 98.76203576 99.03713893 99.03713893 99.17469051 99.17469051
 99.31224209]

Average Similarity:
2300.8127

Average Top 1% Recall:
99.31224209078404

Results:
Average Recall @N:
[ 94.22283356  96.42365887  97.52407153  98.4869326   98.76203576
  99.03713893  99.31224209  99.31224209  99.44979367  99.44979367
  99.72489684  99.72489684  99.86244842  99.86244842 100.
 100.         100.         100.         100.         100.
 100.         100.         100.         100.         100.        ]

Average Similarity:
1492.399

Average Top 1% Recall:
100.0

Results:
Average Recall @N:
[94.91059147 96.14855571 96.56121045 96.69876204 96.83631362 97.38651994
 97.38651994 97.79917469 97.93672627 98.07427785 98.07427785 98.34938102
 98.76203576 98.89958735 98.89958735 99.17469051 99.17469051 99.17469051
 99.31224209 99.31224209 99.31224209 99.44979367 99.44979367 99.44979367
 99.58734525]

Average Similarity:
980.6971

Average Top 1% Recall:
99.58734525447042

Results:
Average Recall @N:
[94.63548831 95.32324622 95.87345254 96.42365887 96.56121045 96.83631362
 96.9738652  96.9738652  97.24896836 97.38651994 97.52407153 97.66162311
 97.66162311 97.66162311 97.79917469 97.79917469 97.93672627 97.93672627
 97.93672627 97.93672627 97.93672627 98.07427785 98.07427785 98.07427785
 98.07427785]

Average Similarity:
1939.7474

Average Top 1% Recall:
98.07427785419533

Results:
Average Recall @N:
[88.30811554 89.82118294 90.64649243 91.33425034 92.02200825 93.39752407
 94.08528198 94.36038514 94.49793673 95.04814305 95.18569464 95.32324622
 95.59834938 95.87345254 96.01100413 96.14855571 96.28610729 96.28610729
 96.42365887 96.56121045 96.69876204 96.69876204 96.83631362 97.11141678
 97.11141678]

Average Similarity:
1658.0806

Average Top 1% Recall:
97.11141678129297

Results:
Average Recall @N:
[90.37138927 92.70976616 93.9477304  94.63548831 94.77303989 95.18569464
 95.87345254 96.28610729 96.83631362 97.11141678 97.38651994 97.52407153
 97.52407153 97.52407153 97.52407153 97.79917469 97.79917469 97.93672627
 98.34938102 98.34938102 98.4869326  98.62448418 98.62448418 98.62448418
 98.62448418]

Average Similarity:
1054.0918

Average Top 1% Recall:
98.62448418156808

Results:
Average Recall @N:
[92.98486933 94.91059147 95.73590096 96.14855571 96.14855571 96.14855571
 96.56121045 96.83631362 97.11141678 97.52407153 97.93672627 98.34938102
 98.34938102 98.62448418 98.76203576 98.76203576 98.89958735 98.89958735
 98.89958735 98.89958735 98.89958735 98.89958735 99.03713893 99.03713893
 99.03713893]

Average Similarity:
3365.2593

Average Top 1% Recall:
99.03713892709766

Results:
Average Recall @N:
[85.55708391 86.93259972 88.30811554 88.85832187 89.13342503 89.95873453
 91.19669876 91.88445667 92.15955983 93.25997249 93.67262724 94.08528198
 94.63548831 94.77303989 94.77303989 95.04814305 95.32324622 95.87345254
 96.42365887 96.9738652  97.11141678 97.38651994 97.66162311 98.21182944
 98.34938102]

Average Similarity:
2353.2966

Average Top 1% Recall:
98.34938101788171

